Wavelength,Int_norm
2000,10
3125.67,14
3131.55,20
3341.48,113
3650.15,14556
3654.84,3503
3663.28,2750
3901.87,119
3906.37,132
4046.56,43534
4077.83,3895
4348.063,4000
4358.33,86268
4916.07,2000
5460.74,70000
5769.6,50000
5790.66,23296
5882.6226,1000
6032.1244,500
6234.3929,400
6384.7144,500
6416.3038,300
6598.684,500
6677.2784,500
6716.4228,500
6752.83,200
6871.286,200
6907.5212,2000
6965.4265,10000
7067.217,1000
7081.894,250
7091.8613,200
7147.041,250
7272.935,200
7383.9796,150
7503.8685,150
7514.6514,150
7635.1056,100
7723.7599,100
7948.1755,100
8006.157,500
8014.786,500
8103.693,500
8115.311,500
8264.523,500
8408.2096,50
8424.6475,50
8521.4422,50
9122.9674,20
